1519
1494
1424
1391
1409
1416
1423
1376
1442
1473
1408
1387
1459
1452
1478
1448
1420
1408
1410
1393
1479
1463
1396
1338
1438
1353
1415
1427
1432
1454
1434
1416
1426
1410
1414
1423
1471
1425
1443
1403
1455
1484
1453
1428
1435
1470
1400
1410
1410
1379
1445
1428
1431
1415
1471
1420
1401
1423
1469
1425
1422
1419
1458
1398
1414
1451
1441
1491
1413
1439
1421
1439
1390
1492
1408
1449
1490
1445
1463
1466
1384
1432
1404
1399
1469
1476
1394
1442
1407
1459
1489
1439
1420
1382
1380
1437
1417
1440
1382
1392
1412
1338
1432
1402
1410
1376
1486
1405
1412
1433
1452
1434
1517
1422
1459
1405
1461
1412
1388
1457
1464
1431
1475
1389
1423
1411
1459
1489
1473
1368
1390
1432
1419
1411
1391
1495
1401
1416
1394
1393
1469
1301
1443
1454
1448
1385
1468
1443
1431
1470
1446
1487
1432
1429
1443
1445
1451
1434
1418
1380
1425
1477
1383
1461
1410
1462
1396
1462
1464
1451
1458
1452
1516
1445
1472
1448
1386
1414
1444
1421
1371
1430
1412
1380
1372
1395
1435
1473
1469
1474
1389
1422
1346
1417
1432
1433
1411
1495
1454
1379
1454
1392
1395
1400
1412
1388
1292
1419
1485
1462
1399
1409
1406
1488
1454
1440
1369
1523
1471
1368
1444
1436
1379
1424
1407
1454
1430
1438
1407
1439
1432
1398
1405
1405
1414
1370
1450
1375
1476
1491
1408
1430
1446
1422
1394
1453
1391
1493
1499
1429
1445
1432
1436
1434
1397
1462
1352
1411
1472
1386
1474
1360
1325
1433
1408
1483
1431
1477
1383
1489
1412
1483
1404
1398
1457
1443
1441
1403
1370
1406
1455
1512
1433
1481
1401
1411
1424
1435
1449
1434
1396
1428
1327
1357
1414
1468
1410
1425
1360
1429
1449
1443
1421
1430
1394
1377
1473
1439
1406
1370
1428
1515
1416
1351
1483
1465
1375
1459
1436
1426
1438
1422
1448
1497
1463
1481
1363
1402
1449
1469
1425
1420
1490
1442
1502
1482
1391
1428
1378
1394
1451
1430
1473
1449
1422
1445
1426
1404
1431
1334
1417
1486
1401
1417
1435
1406
1426
1389
1441
1396
1484
1444
1402
1485
1512
1443
1514
1465
1373
1402
1403
1447
1440
1455
1427
1476
1440
1400
1467
1434
1452
1409
1408
1379
1387
1309
1405
1422
1429
1391
1393
1429
1406
1432
1505
1417
1439
1507
1429
1431
1403
1459
1341
1388
1391
1401
1457
1391
1416
1415
1430
1371
1368
1433
1474
1455
1419
1413
1419
1520
1434
1413
1469
1441
1462
1409
1463
1445
1447
1385
1479
1419
1398
1413
1423
1432
1397
1462
1390
1395
1431
1463
1465
1470
1453
1385
1333
1389
1436
1409
1413
1420
1414
1434
1458
1411
1462
1443
1457
1416
1372
1490
1515
1474
1406
1442
1450
1408
1406
1415
1390
1434
1494
1406
1443
1397
1383
1456
1402
1431
1430
1412
1402
1452
1466
1432
1446
1441
1457
1473
1445
1437
1389
1366
1470
1398
1380
1474
1397
1473
1446
1416
1440
1393
1480
1441
1382
1470
1403
1399
1390
1462
1399
1471
1471
1399
1418
1454
1455
1465
1422
1402
1300
1361
1419
1437
1429
1475
1422
1369
1477
1467
1408
1445
1429
1448
1415
1516
1413
1405
1421
1439
1403
1432
1437
1472
1426
1412
1403
1456
1432
1514
1421
1463
1445
1418
1392
1440
1533
1442
1360
1472
1356
1407
1462
1434
1488
1424
1353
1406
1416
1380
1447
1465
1422
1390
1503
1444
1455
1445
1368
1410
1481
1425
1447
1455
1513
1411
1380
1497
1442
1369
1413
1413
1417
1333
1445
1430
1365
1390
1493
1483
1445
1376
1417
1397
1483
1366
1391
1446
1442
1388
1417
1428
1472
1468
1405
1408
1403
1436
1445
1483
1481
1434
1404
1459
1430
1396
1411
1397
1423
1403
1401
1388
1445
1438
1450
1418
1422
1407
1408
1401
1413
1459
1446
1400
1452
1492
1400
1417
1438
1431
1482
1462
1385
1448
1438
1459
1478
1493
1438
1495
1424
1454
1388
1412
1405
1468
1489
1366
1419
1468
1434
1460
1423
1445
1414
1355
1436
1468
1488
1486
1513
1473
1397
1418
1450
1441
1427
1353
1398
1437
1425
1384
1436
1396
1482
1414
1396
1439
1478
1431
1435
1423
1392
1398
1467
1412
1364
1395
1463
1478
1413
1382
1480
1476
1428
1434
1420
1455
1401
1450
1446
1439
1520
1440
1351
1426
1437
1413
1436
1395
1500
1456
1398
1427
1373
1468
1447
1451
1451
1471
1391
1407
1382
1468
1412
1417
1319
1508
1450
1450
1346
1398
1458
1336
1332
1367
1382
1466
1455
1377
1393
1439
1451
1469
1377
1402
1386
1453
1503
1440
1482
1405
1392
1483
1415
1415
1420
1442
1397
1366
1419
1487
1389
1412
1485
1419
1377
1398
1399
1385
1470
1457
1405
1374
1443
1442
1403
1409
1363
1337
1412
1450
1414
1419
1419
1413
1409
1398
1450
1398
1396
1426
1394
1431
1375
1349
1455
1471
1424
1460
1399
1445
1434
1384
1377
1363
1469
1448
1407
1491
1437
1417
1416
1477
1441
1413
1440
1408
1459
1440
1476
1526
1465
1391
1430
1382
1408
1394
1436
1492
1454
1418
1413
1399
1430
1390
1429
1398
1430
1445
1411
1392
1506
1372
1492
1428
1361
1384
1407
1392
1434
1362
1425
1392
1390
1441
1431
1436
1488
1431
1405
1397
1494
1421
1405
1426
1465
1332
1435
1391
1445
1505
1434
1421
1477
1411
1420
1520
1375
1363
1505
1399
1360
1433
1503
1394
1477
1369
1498
1435
1446
1373
1403
1436
1399
1339
1446
1435
1431
1421
1459
1456
1418
1416
1380
1421
1397
1416
1416
1415
1406
1395
1460
1394
1442
1406
1416
1478
1434
1416
1379
1457
1425
1425
1430
1427
1428
1454
1410
1428
1427
1466
1449
1418
1432
1389
1462
1370
1400
1475
1424
1440
1477
1449
1365
1368
1447
1428
1450
1393
1425
1463
1407
1433
1379
1486
1429
1397
1425
1449
1401
1477
1416
1398
1420
1411
1352
1442
1403
1468
1493
1458
1444
1452
1459
1415
1412
1475
