1419
1392
1392
1349
1427
1448
1392
1464
1320
1403
1390
1392
1430
1429
1493
1453
1417
1440
1428
1407
1410
1478
1405
1483
1434
1324
1457
1392
1379
1409
1399
1413
1367
1402
1388
1392
1409
1467
1419
1373
1407
1511
1431
1335
1391
1454
1360
1371
1344
1453
1389
1415
1398
1327
1426
1374
1348
1407
1396
1430
1386
1425
1385
1449
1414
1441
1382
1450
1387
1436
1408
1438
1412
1372
1398
1456
1363
1370
1413
1449
1332
1472
1347
1398
1395
1377
1378
1376
1398
1458
1374
1385
1278
1408
1444
1429
1419
1429
1357
1361
1438
1363
1468
1380
1446
1410
1450
1386
1369
1393
1470
1411
1386
1394
1387
1397
1406
1383
1393
1389
1355
1318
1423
1338
1416
1458
1361
1436
1376
1396
1337
1421
1458
1420
1438
1495
1379
1389
1356
1413
1358
1457
1406
1378
1402
1382
1429
1349
1391
1365
1388
1413
1360
1442
1339
1459
1460
1446
1413
1359
1397
1412
1486
1421
1326
1399
1437
1434
1413
1437
1340
1452
1357
1488
1398
1421
1383
1455
1425
1383
1413
1406
1513
1421
1420
1395
1464
1438
1422
1415
1387
1384
1440
1404
1419
1414
1374
1451
1405
1451
1332
1378
1344
1362
1393
1398
1395
1486
1388
1392
1406
1399
1340
1386
1395
1448
1483
1372
1437
1403
1377
1391
1381
1413
1438
1382
1434
1384
1422
1424
1359
1433
1411
1346
1467
1310
1365
1444
1353
1420
1408
1404
1369
1405
1364
1333
1394
1450
1420
1388
1422
1377
1443
1421
1421
1424
1383
1372
1456
1371
1348
1393
1411
1412
1394
1414
1357
1357
1363
1326
1420
1471
1465
1457
1332
1395
1476
1489
1423
1411
1390
1477
1380
1426
1353
1395
1387
1358
1407
1407
1390
1477
1405
1405
1403
1402
1360
1411
1381
1370
1347
1405
1320
1342
1436
1418
1415
1315
1388
1382
1444
1399
1324
1485
1400
1318
1405
1431
1465
1402
1369
1410
1371
1350
1346
1323
1375
1431
1427
1492
1354
1428
1383
1376
1408
1297
1431
1465
1413
1424
1384
1341
1444
1431
1343
1431
1362
1383
1340
1368
1399
1395
1485
1360
1334
1380
1391
1362
1491
1467
1456
1403
1364
1429
1391
1354
1407
1419
1465
1403
1420
1379
1410
1371
1426
1471
1400
1431
1420
1395
1402
1373
1414
1431
1402
1422
1487
1429
1440
1384
1394
1430
1383
1392
1378
1462
1385
1469
1385
1386
1400
1366
1374
1347
1371
1437
1395
1379
1425
1403
1440
1413
1312
1435
1410
1402
1438
1326
1387
1366
1437
1416
1378
1419
1370
1387
1382
1339
1385
1398
1389
1406
1478
1422
1363
1337
1455
1414
1402
1387
1403
1441
1431
1433
1406
1377
1383
1418
1414
1450
1401
1464
1383
1427
1449
1433
1348
1426
1500
1354
1420
1410
1435
1371
1439
1376
1393
1383
1406
1354
1377
1369
1420
1375
1327
1436
1431
1431
1394
1369
1374
1462
1419
1365
1400
1395
1394
1368
1424
1401
1410
1387
1361
1422
1337
1365
1463
1408
1398
1399
1432
1490
1400
1405
1402
1374
1441
1398
1423
1407
1395
1384
1408
1387
1369
1393
1412
1449
1475
1378
1409
1427
1420
1406
1391
1395
1451
1416
1407
1427
1419
1399
1412
1406
1338
1423
1407
1381
1402
1358
1451
1378
1398
1375
1369
1401
1399
1350
1396
1363
1398
1407
1423
1405
1426
1424
1443
1451
1362
1389
1402
1407
1410
1416
1364
1384
1510
1451
1455
1393
1457
1433
1399
1402
1467
1410
1418
1428
1387
1392
1351
1375
1327
1432
1416
1422
1435
1462
1431
1380
1407
1394
1424
1442
1373
1445
1395
1417
1428
1391
1391
1363
1377
1509
1397
1353
1418
1424
1397
1393
1361
1436
1434
1449
1360
1445
1423
1413
1410
1446
1436
1381
1292
1432
1372
1330
1432
1473
1443
1374
1396
1447
1426
1475
1351
1429
1440
1424
1354
1386
1313
1388
1428
1374
1431
1419
1365
1417
1430
1372
1456
1409
1410
1448
1424
1445
1452
1423
1410
1403
1386
1385
1487
1388
1423
1350
1457
1458
1338
1377
1354
1418
1471
1398
1448
1401
1362
1351
1373
1447
1430
1345
1351
1437
1450
1386
1374
1312
1349
1403
1463
1429
1357
1379
1425
1355
1391
1379
1419
1437
1368
1321
1372
1427
1479
1398
1370
1366
1457
1411
1433
1380
1428
1366
1428
1342
1330
1355
1418
1363
1425
1363
1408
1399
1443
1423
1397
1445
1424
1358
1432
1316
1399
1396
1391
1389
1460
1444
1413
1410
1322
1367
1416
1401
1379
1445
1344
1414
1395
1405
1376
1396
1465
1421
1366
1373
1327
1380
1386
1369
1429
1386
1372
1389
1433
1459
1430
1455
1362
1449
1445
1387
1381
1443
1412
1416
1413
1409
1419
1392
1407
1398
1398
1352
1353
1393
1351
1391
1366
1358
1442
1503
1386
1336
1403
1359
1444
1356
1422
1458
1404
1406
1366
1382
1389
1413
1408
1370
1323
1427
1313
1361
1402
1431
1365
1398
1474
1428
1378
1469
1341
1418
1422
1392
1440
1435
1410
1415
1421
1446
1366
1382
1392
1357
1398
1369
1354
1349
1489
1372
1393
1438
1395
1406
1454
1351
1309
1419
1367
1432
1411
1353
1420
1377
1337
1436
1432
1386
1415
1423
1357
1377
1358
1348
1383
1356
1412
1507
1426
1370
1382
1440
1352
1412
1435
1418
1358
1480
1378
1423
1440
1437
1435
1406
1438
1453
1385
1321
1358
1388
1388
1394
1400
1433
1375
1337
1319
1423
1468
1458
1461
1437
1392
1387
1377
1439
1394
1364
1388
1377
1381
1407
1374
1496
1423
1348
1384
1434
1427
1440
1378
1389
1399
1425
1414
1418
1406
1458
1400
1486
1366
1338
1358
1409
1414
1432
1446
1450
1351
1469
1424
1428
1337
1344
1468
1361
1459
1430
1435
1427
1406
1409
1384
1401
1414
1312
1421
1367
1328
1395
1411
1465
1406
1390
1361
1438
1387
1381
1366
1442
1403
1427
1378
1395
1341
1381
1369
1437
1418
1389
1346
1355
1355
1372
1411
1421
1420
1402
1372
1471
1400
1395
1394
1440
1422
1382
1419
1455
1412
1407
