1398
1426
1414
1365
1400
1431
1377
1315
1343
1437
1325
1423
1395
1384
1405
1369
1328
1442
1376
1372
1429
1398
1392
1432
1465
1395
1373
1361
1345
1350
1433
1370
1489
1362
1408
1472
1394
1346
1353
1382
1374
1411
1338
1345
1389
1374
1500
1454
1395
1420
1351
1377
1375
1411
1346
1370
1444
1334
1379
1449
1387
1376
1383
1435
1389
1344
1411
1401
1360
1449
1339
1402
1416
1366
1406
1358
1360
1302
1404
1431
1353
1399
1399
1344
1413
1375
1387
1353
1354
1412
1378
1412
1458
1419
1413
1374
1407
1416
1344
1397
1435
1409
1379
1350
1399
1440
1340
1356
1366
1294
1343
1372
1384
1384
1324
1372
1400
1382
1426
1386
1446
1436
1380
1365
1426
1383
1373
1381
1409
1410
1362
1341
1417
1355
1406
1424
1388
1399
1375
1370
1366
1376
1383
1387
1382
1400
1286
1343
1398
1384
1441
1370
1412
1351
1396
1376
1387
1415
1394
1386
1335
1373
1412
1382
1364
1372
1412
1387
1408
1367
1409
1375
1416
1414
1362
1393
1342
1405
1345
1422
1414
1389
1423
1363
1419
1358
1364
1361
1427
1437
1448
1437
1340
1401
1278
1427
1393
1421
1392
1344
1464
1358
1430
1420
1363
1391
1402
1391
1453
1378
1466
1335
1348
1400
1360
1330
1401
1410
1357
1388
1397
1382
1389
1338
1443
1409
1319
1381
1469
1383
1405
1327
1363
1377
1447
1412
1405
1390
1337
1380
1423
1431
1377
1402
1423
1411
1465
1348
1422
1388
1465
1396
1447
1354
1459
1362
1463
1435
1375
1345
1373
1411
1362
1326
1435
1326
1301
1377
1378
1436
1338
1348
1363
1341
1404
1374
1355
1444
1351
1350
1398
1442
1354
1386
1423
1295
1366
1392
1354
1406
1338
1397
1411
1424
1367
1379
1366
1428
1367
1417
1411
1388
1318
1401
1453
1353
1345
1396
1417
1452
1441
1422
1350
1444
1363
1347
1502
1336
1411
1358
1393
1396
1417
1354
1345
1401
1387
1408
1407
1403
1292
1308
1368
1384
1386
1412
1349
1419
1354
1411
1310
1394
1380
1341
1376
1380
1446
1424
1398
1375
1435
1407
1382
1338
1374
1344
1364
1411
1340
1385
1414
1366
1402
1382
1420
1358
1431
1430
1398
1514
1370
1384
1400
1374
1233
1421
1366
1315
1396
1370
1394
1464
1354
1361
1365
1434
1349
1369
1325
1389
1394
1409
1420
1342
1400
1355
1360
1351
1322
1407
1363
1367
1417
1379
1401
1343
1468
1415
1425
1393
1413
1358
1320
1331
1416
1396
1402
1403
1433
1434
1375
1458
1369
1417
1360
1328
1336
1402
1325
1409
1350
1423
1350
1358
1455
1383
1456
1434
1354
1358
1320
1377
1326
1360
1376
1411
1386
1335
1285
1430
1385
1332
1426
1365
1421
1439
1419
1391
1362
1472
1421
1369
1283
1367
1345
1331
1414
1436
1349
1285
1307
1358
1411
1405
1368
1361
1452
1414
1359
1344
1368
1349
1403
1365
1386
1419
1394
1421
1364
1394
1377
1436
1381
1397
1370
1482
1379
1336
1443
1352
1356
1384
1301
1290
1340
1326
1369
1465
1420
1363
1399
1357
1397
1354
1403
1364
1379
1309
1368
1359
1397
1391
1348
1407
1384
1365
1340
1386
1440
1399
1359
1380
1350
1464
1380
1313
1412
1387
1422
1319
1356
1357
1389
1388
1406
1349
1373
1402
1398
1420
1370
1404
1346
1407
1348
1358
1380
1371
1381
1375
1357
1349
1479
1398
1300
1453
1404
1426
1450
1377
1329
1453
1418
1364
1327
1344
1405
1385
1389
1454
1374
1429
1384
1451
1382
1384
1364
1440
1394
1399
1430
1437
1304
1418
1350
1441
1386
1419
1345
1393
1445
1379
1389
1411
1495
1365
1403
1404
1387
1367
1362
1343
1333
1429
1388
1351
1444
1407
1364
1371
1352
1438
1395
1414
1381
1389
1414
1388
1371
1336
1431
1375
1405
1376
1346
1397
1440
1384
1369
1366
1348
1442
1255
1355
1405
1385
1322
1396
1416
1390
1377
1361
1347
1360
1341
1377
1347
1321
1386
1419
1398
1384
1291
1363
1386
1398
1365
1427
1333
1411
1409
1371
1382
1368
1358
1315
1399
1372
1348
1403
1362
1398
1356
1369
1380
1407
1319
1328
1428
1381
1361
1437
1361
1360
1349
1356
1406
1352
1467
1323
1362
1393
1370
1405
1383
1372
1415
1331
1397
1427
1428
1404
1333
1377
1394
1398
1387
1422
1367
1378
1461
1374
1343
1402
1372
1356
1383
1315
1361
1374
1308
1294
1352
1360
1332
1416
1430
1367
1369
1432
1343
1381
1427
1360
1327
1347
1349
1360
1398
1382
1474
1428
1355
1375
1364
1413
1431
1356
1368
1404
1349
1429
1425
1386
1313
1349
1365
1406
1356
1396
1384
1422
1384
1378
1449
1376
1437
1416
1364
1389
1362
1369
1433
1344
1323
1307
1427
1401
1419
1280
1397
1382
1330
1379
1296
1384
1419
1357
1332
1356
1381
1323
1360
1406
1351
1382
1373
1451
1422
1411
1379
1366
1418
1413
1390
1415
1416
1393
1413
1431
1362
1341
1327
1351
1315
1414
1429
1324
1421
1393
1399
1435
1397
1374
1403
1405
1367
1364
1458
1344
1430
1380
1399
1344
1393
1404
1360
1351
1391
1369
1385
1383
1444
1358
1363
1395
1327
1362
1341
1455
1447
1381
1336
1314
1398
1372
1371
1401
1386
1375
1362
1420
1398
1388
1306
1369
1348
1394
1406
1435
1458
1452
1453
1346
1326
1406
1391
1349
1347
1363
1449
1406
1350
1448
1423
1393
1468
1393
1405
1361
1444
1344
1394
1419
1397
1371
1454
1390
1364
1438
1380
1357
1391
1375
1387
1370
1404
1371
1344
1384
1359
1315
1307
1399
1333
1466
1397
1445
1368
1408
1399
1389
1454
1371
1338
1415
1404
1471
1464
1393
1382
1443
1368
1461
1435
1406
1378
1436
1420
1432
1367
1378
1396
1341
1405
1421
1418
1417
1349
1442
1341
1360
1408
1357
1359
1385
1424
1297
1372
1361
1385
1377
1399
1364
1348
1364
1374
1461
1366
1393
1304
1446
1403
1357
1343
1412
1322
1379
1395
1369
1371
1311
1399
1413
1433
1394
1453
1346
1408
1413
