1407
1472
1349
1324
1398
1400
1381
1398
1370
1344
1352
1368
1359
1445
1470
1370
1403
1423
1356
1410
1449
1398
1354
1382
1366
1320
1386
1402
1370
1411
1349
1399
1340
1354
1394
1360
1342
1476
1402
1328
1383
1414
1360
1457
1334
1355
1410
1343
1375
1365
1381
1366
1343
1385
1391
1362
1369
1422
1353
1407
1374
1402
1392
1401
1269
1434
1333
1407
1429
1387
1428
1330
1421
1331
1442
1398
1341
1378
1442
1489
1436
1290
1351
1365
1355
1358
1319
1332
1427
1343
1357
1389
1421
1398
1385
1410
1443
1377
1366
1448
1370
1383
1420
1378
1367
1384
1444
1398
1405
1354
1400
1322
1373
1331
1332
1455
1273
1410
1409
1330
1403
1380
1376
1409
1362
1372
1423
1342
1359
1374
1366
1332
1330
1339
1494
1425
1388
1401
1424
1380
1336
1352
1358
1323
1287
1399
1368
1371
1393
1294
1367
1360
1405
1359
1340
1356
1474
1365
1388
1381
1356
1364
1414
1402
1354
1410
1427
1432
1380
1390
1324
1312
1389
1433
1388
1386
1405
1384
1419
1285
1346
1408
1342
1360
1440
1396
1321
1353
1336
1315
1314
1360
1368
1372
1345
1337
1410
1301
1357
1360
1413
1432
1418
1322
1377
1330
1418
1376
1407
1350
1413
1342
1403
1373
1394
1358
1379
1346
1403
1397
1336
1399
1436
1407
1429
1384
1385
1334
1288
1347
1332
1440
1409
1430
1414
1317
1390
1389
1335
1381
1384
1350
1306
1351
1295
1462
1411
1356
1401
1391
1382
1450
1416
1329
1336
1362
1413
1255
1391
1343
1339
1362
1391
1438
1383
1405
1364
1432
1351
1341
1487
1348
1407
1346
1403
1387
1452
1457
1386
1332
1439
1338
1335
1429
1401
1323
1452
1404
1439
1399
1416
1369
1403
1367
1427
1309
1387
1373
1398
1322
1427
1358
1368
1364
1324
1366
1474
1353
1326
1326
1416
1349
1421
1365
1410
1411
1421
1392
1415
1331
1339
1319
1363
1390
1406
1421
1376
1332
1385
1401
1369
1381
1386
1412
1415
1354
1281
1369
1352
1386
1341
1362
1415
1348
1307
1436
1423
1347
1445
1384
1366
1380
1410
1359
1390
1306
1358
1391
1412
1329
1284
1499
1450
1470
1401
1382
1442
1363
1362
1443
1328
1332
1319
1418
1349
1400
1336
1345
1399
1323
1347
1404
1349
1394
1420
1570
1328
1342
1369
1381
1364
1405
1374
1447
1371
1400
1365
1391
1434
1317
1405
1403
1390
1369
1410
1386
1388
1390
1354
1425
1336
1320
1369
1428
1368
1374
1392
1396
1312
1395
1269
1335
1386
1440
1361
1340
1360
1381
1348
1415
1372
1349
1327
1321
1358
1347
1368
1327
1318
1351
1383
1362
1403
1470
1353
1418
1352
1335
1327
1368
1327
1403
1419
1473
1393
1368
1373
1457
1398
1383
1355
1365
1420
1340
1424
1434
1325
1376
1367
1325
1321
1377
1386
1316
1427
1391
1324
1371
1340
1427
1355
1403
1310
1340
1383
1338
1415
1310
1380
1421
1436
1319
1372
1400
1308
1423
1413
1479
1373
1323
1358
1416
1375
1417
1420
1373
1373
1400
1472
1396
1383
1355
1388
1440
1371
1368
1387
1430
1377
1394
1395
1409
1346
1348
1408
1383
1374
1390
1385
1357
1430
1346
1378
1333
1353
1313
1360
1370
1412
1374
1397
1433
1322
1401
1491
1463
1358
1379
1366
1415
1393
1388
1375
1305
1393
1373
1327
1404
1337
1353
1402
1382
1336
1357
1426
1365
1435
1400
1310
1378
1405
1339
1400
1439
1340
1376
1336
1372
1374
1376
1385
1414
1342
1379
1392
1316
1397
1433
1382
1422
1395
1347
1336
1362
1373
1297
1310
1391
1374
1359
1334
1371
1396
1310
1305
1394
1359
1401
1296
1392
1450
1368
1365
1401
1314
1413
1449
1358
1410
1455
1390
1374
1423
1337
1321
1397
1456
1381
1367
1382
1365
1382
1339
1410
1361
1426
1374
1458
1379
1479
1397
1402
1382
1405
1448
1374
1370
1362
1376
1330
1396
1385
1341
1338
1384
1382
1363
1311
1355
1440
1332
1375
1436
1409
1374
1380
1428
1414
1386
1339
1347
1432
1345
1334
1349
1343
1403
1337
1354
1395
1319
1367
1402
1421
1408
1413
1365
1440
1370
1406
1378
1407
1406
1390
1381
1363
1429
1338
1418
1485
1437
1340
1372
1399
1241
1399
1339
1331
1359
1447
1341
1382
1372
1296
1324
1371
1424
1376
1376
1375
1396
1418
1453
1325
1403
1409
1367
1386
1351
1429
1396
1375
1376
1417
1349
1404
1380
1468
1369
1424
1416
1358
1354
1444
1415
1389
1391
1350
1428
1383
1380
1446
1399
1336
1447
1369
1368
1382
1363
1417
1405
1324
1350
1362
1383
1399
1414
1334
1441
1320
1443
1361
1389
1388
1372
1415
1395
1331
1372
1388
1369
1439
1361
1421
1404
1347
1348
1454
1389
1364
1377
1392
1350
1342
1333
1335
1346
1393
1367
1417
1313
1415
1334
1375
1451
1344
1382
1359
1384
1403
1335
1367
1416
1447
1385
1346
1460
1385
1414
1441
1361
1344
1326
1353
1427
1405
1389
1317
1347
1394
1337
1425
1349
1386
1437
1431
1302
1374
1429
1418
1368
1394
1360
1403
1436
1382
1352
1385
1366
1349
1323
1338
1384
1386
1385
1428
1415
1415
1359
1355
1399
1422
1394
1359
1361
1429
1445
1387
1359
1413
1321
1371
1378
1311
1326
1410
1433
1357
1398
1317
1362
1418
1418
1378
1403
1406
1387
1433
1364
1358
1414
1328
1358
1367
1335
1326
1270
1367
1377
1360
1360
1372
1415
1420
1393
1340
1345
1355
1317
1411
1381
1362
1347
1407
1354
1362
1360
1431
1369
1377
1403
1413
1412
1390
1394
1454
1444
1364
1432
1375
1415
1348
1406
1389
1419
1385
1360
1379
1418
1378
1317
1394
1413
1417
1360
1371
1325
1396
1343
1423
1378
1357
1350
1355
1337
1407
1270
1351
1432
1442
1382
1419
1327
1412
1403
1334
1340
1397
1368
1370
1392
1320
1416
1354
1336
1362
1379
1412
1360
1345
1392
1387
1389
1455
1375
1345
1390
1396
1372
1431
1333
1321
1359
1411
1414
1411
1419
1381
1448
1432
