1409
1370
1258
1259
1352
1287
1326
1381
1348
1583
1401
1392
1443
1482
1402
1374
1386
1379
1310
1355
1459
1401
1424
1338
1391
1493
1418
1229
1341
1327
1296
1242
1229
1297
1279
1362
1402
1409
1371
1350
1427
1417
1326
1406
1243
1371
1376
1380
1296
1336
1364
1380
1317
1384
1326
1359
1248
1310
1366
1325
1387
1421
1245
1228
1354
1349
1407
1373
1400
1479
1478
1369
1362
1375
1371
1281
1255
1269
1242
1346
1323
1356
1302
1290
1242
1321
1305
1434
1248
1344
1405
1400
1370
1427
1423
1355
1357
1285
1377
1305
1338
1351
1118
1474
1328
1404
1392
1425
1332
1376
1373
1369
1387
1376
1417
1356
1315
1281
1288
1421
1428
1361
1286
1334
1464
1346
1314
1213
1317
1442
1348
1389
1093
1375
1252
1314
1441
1336
1349
1900
1345
1363
1257
1322
1328
1307
1525
1392
1288
1377
1340
1415
1343
1302
1382
1403
1429
1402
1295
1294
1356
1367
1405
1301
1348
1340
1437
1340
1236
1442
1579
1344
1306
1496
1463
1360
1377
1377
1328
1340
1396
1239
1375
1361
1391
1296
1344
1430
1268
878
1348
1375
1342
1346
1411
1307
1395
1362
1344
1323
1278
1391
1321
1474
1301
1346
1314
1338
1410
1421
1395
1305
1360
1297
1378
1362
1283
1327
1346
1366
1245
1352
1351
1347
1370
1380
1415
1342
1335
1297
1311
1360
1466
1324
1343
1346
1249
1323
1416
1290
1302
1433
1344
1372
1380
1338
1466
1338
1444
1368
1537
1354
1333
1363
1301
1365
1303
1389
1301
1320
1340
1286
1512
1451
1338
1375
1497
1405
1448
1299
1375
1330
1263
1302
1280
1337
1374
1374
1310
1306
1533
1298
1329
1366
1371
1610
1393
1473
1474
1292
1418
1298
1356
1338
1365
1270
1642
1278
1415
1370
1343
1291
1308
1341
1321
1365
1384
1357
1361
1349
1248
1387
1405
1401
1413
1372
1360
1363
1319
1262
1034
1301
1396
1352
1294
1335
1400
1448
1283
1339
1397
1279
1352
1379
1315
1463
1319
1438
1237
1344
1339
1214
1096
1179
1292
1345
1303
1395
1361
1386
1328
1382
1441
1334
1336
1374
1384
1349
1309
1319
1392
1334
1330
1305
1340
1381
1391
1289
1574
1379
1329
1347
1171
1364
1417
1424
1335
1366
1339
1302
1341
1337
1393
1357
1310
1401
1346
1405
1393
1216
1389
1302
1306
1356
1306
1377
1408
1441
1328
1439
1329
1369
1366
1377
1442
1278
1339
1274
1337
1362
1383
1328
1275
1278
1354
1379
1325
1213
1461
1288
1317
1415
1178
1313
1273
1408
1367
1345
1397
1347
1325
1261
1359
1390
1295
1359
1319
1427
1346
1496
1347
1415
1306
1296
1275
1392
1352
1269
1359
1398
1376
1298
1303
1297
1372
1264
1366
1240
1415
1336
1380
1341
1304
1429
1412
1349
1189
1354
1334
1339
1372
1461
1295
1361
1332
1295
1296
1287
1402
1349
1238
1371
1388
1365
1402
1374
1401
1444
1321
1358
1354
1390
1284
1512
1418
1173
1211
1302
1323
1372
1323
1307
1340
1391
1428
1363
1353
1370
1313
1359
1302
1528
1362
1348
1388
1366
1311
1375
1303
1194
1454
1378
1422
1312
1269
1448
1310
1423
1519
1338
1328
1247
1350
1396
1394
1311
1313
1315
1398
1344
593
1307
1278
1290
1468
1370
1374
1425
1321
1341
1299
1351
584
1296
1356
1360
1352
1304
1366
1286
1333
1324
1396
1350
1395
1327
1429
1321
1437
1322
1322
1399
1306
1305
1351
1341
1332
1324
1388
1349
1378
1316
1280
1023
1375
1456
1460
1411
1568
1367
1323
1300
1289
1341
1322
1321
1462
1447
1376
1361
1355
1293
1078
1324
1269
1331
1364
1354
1281
1309
1267
1349
1228
914
1296
1463
1520
1305
1407
1430
1345
1320
1351
1289
1213
1395
1445
1332
1408
1315
1391
1290
1159
1342
1279
1360
1354
1294
1328
1454
1260
1376
1358
1383
1410
1447
1413
1334
1374
1357
1222
1290
1518
1313
1326
1326
1347
1348
1308
1309
1506
1406
1297
1280
1323
1433
1384
1380
1364
1357
1380
1551
1389
1396
1372
1278
1352
1464
1300
1287
1408
1471
1403
1408
1401
1284
1336
1382
1307
1433
1299
1372
1337
1324
1358
1440
1385
1401
1331
1356
1306
1365
1115
1394
1365
1363
1275
1367
1323
1324
1334
1377
1401
1393
1303
1336
1468
1236
1320
1405
1361
1372
1362
1343
1396
1420
1372
1336
1306
1287
1368
1359
1441
1371
1393
1347
1325
1315
1357
1304
1365
1409
1349
1311
1376
1326
1312
1462
1293
1395
1443
1412
1306
1365
1365
1395
1396
1376
1418
1356
1246
1386
1427
1404
1362
1493
1318
1365
1356
1500
1434
1381
1298
1291
1353
1378
1265
1371
1280
1331
1533
1391
1227
1392
1331
1361
1356
1278
1356
1387
1376
1199
1339
1375
1395
1421
1426
1335
1235
1338
1409
1270
1332
1322
1414
1263
1320
1337
1259
1297
1381
1270
1338
1273
1358
1386
1363
1625
1594
1025
1373
1341
1323
1329
1355
1341
1374
1264
1348
1356
1354
1388
1358
1360
1260
1308
1302
1290
1336
1311
1378
1333
1257
1314
1333
1253
1196
1327
588
1360
1382
1387
1366
1350
1362
1375
1420
1399
1380
1342
1408
1430
1309
1353
1303
1342
1326
1411
1300
1370
1355
1414
1352
1282
1353
1358
1304
1370
1363
1247
1354
1304
1353
560
1411
1365
1333
1327
1227
1364
1303
1402
1494
1450
1351
1283
1333
1383
1402
1370
1346
1286
1282
1340
1408
1275
1371
1324
1294
50
1618
1332
1388
1286
1346
1374
1303
1331
1436
1363
1467
1321
1250
1395
1410
1552
1388
1338
1438
1374
3
405
1406
1323
1346
1379
1364
1399
1384
1368
1455
1371
1298
1393
1364
1270
1376
1330
1344
1446
1327
1322
1492
1428
1416
1330
1310
1380
1390
1350
1322
1307
1249
1402
1387
1327
1358
545
1291
1281
1409
1336
1359
1471
1264
1296
1255
1373
1376
1332
1377
1362
1393
1451
1285
1394
1282
1386
1367
1388
1297
1293
1251
1418
1274
1292
1378
1382
1354
1775
