1660
1591
1694
1634
1682
1698
1648
1715
1649
1592
1627
1657
1578
1657
1637
1665
1675
1675
1584
1603
1629
1546
1601
1630
1564
1591
1682
1655
1577
1632
1632
1592
1609
1609
1662
1681
1570
1674
1642
1708
1602
1648
1663
1638
1595
1649
1656
1694
1616
1689
1661
1611
1551
1622
1587
1680
1672
1673
1579
1630
1637
1697
1622
1618
1678
1600
1649
1605
1663
1602
1681
1641
1616
1641
1653
1675
1656
1568
1668
1715
1618
1622
1620
1648
1662
1659
1674
1651
1661
1646
1665
1652
1633
1689
1650
1640
1691
1614
1615
1653
1636
1693
1660
1665
1628
1647
1631
1659
1616
1653
1683
1508
1614
1644
1658
1569
1649
1681
1616
1647
1636
1678
1698
1599
1641
1694
1651
1617
1600
1657
1634
1663
1616
1623
1628
1624
1614
1574
1607
1572
1620
1669
1640
1624
1642
1688
1605
1727
1594
1618
1616
1619
1639
1582
1667
1675
1595
1678
1649
1588
1706
1624
1596
1569
1578
1605
1640
1666
1562
1668
1632
1703
1600
1723
1689
1541
1658
1619
1605
1653
1657
1588
1664
1651
1671
1670
1642
1692
1611
1688
1551
1654
1669
1636
1642
1571
1558
1637
1574
1620
1658
1635
1670
1567
1669
1675
1708
1700
1708
1702
1727
1672
1640
1641
1582
1620
1595
1646
1619
1701
1631
1706
1658
1721
1638
1712
1701
1637
1637
1649
1694
1602
1678
1706
1707
1677
1598
1682
1656
1682
1641
1637
1678
1651
1651
1662
1609
1649
1635
1651
1583
1623
1660
1644
1571
1656
1560
1617
1657
1627
1611
1696
1604
1623
1585
1572
1614
1652
1667
1659
1541
1610
1622
1594
1623
1649
1617
1596
1715
1664
1580
1651
1532
1664
1660
1619
1622
1586
1606
1668
1634
1629
1656
1625
1621
1590
1706
1697
1626
1610
1624
1645
1631
1659
1652
1634
1608
1719
1654
1671
1643
1639
1572
1603
1590
1643
1613
1637
1704
1647
1703
1614
1603
1699
1650
1654
1611
1652
1601
1588
1638
1676
1626
1627
1722
1656
1718
1586
1646
1650
1675
1735
1587
1691
1544
1663
1560
1627
1701
1634
1666
1554
1600
1589
1703
1596
1656
1652
1606
1589
1618
1675
1600
1673
1604
1664
1749
1647
1645
1684
1633
1609
1609
1602
1680
1575
1703
1586
1597
1614
1604
1617
1707
1584
1612
1625
1724
1594
1626
1639
1655
1702
1582
1576
1622
1610
1598
1591
1592
1585
1634
1676
1658
1619
1702
1678
1609
1633
1639
1657
1715
1582
1727
1659
1669
1702
1618
1697
1603
1651
1653
1589
1612
1578
1611
1662
1595
1529
1600
1638
1619
1538
1657
1681
1649
1643
1555
1758
1565
1639
1599
1679
1604
1640
1722
1680
1660
1650
1692
1606
1649
1787
1646
1640
1652
1664
1638
1679
1716
1714
1629
1552
1650
1619
1729
1621
1715
1577
1666
1704
1653
1673
1715
1666
1679
1668
1648
1688
1606
1665
1626
1629
1655
1643
1621
1651
1626
1636
1686
1668
1563
1641
1628
1615
1645
1638
1698
1654
1644
1705
1672
1605
1529
1643
1652
1687
1659
1619
1644
1579
1635
1675
1620
1738
1714
1627
1619
1632
1657
1689
1713
1589
1715
1626
1688
1618
1599
1639
1607
1570
1670
1597
1645
1629
1586
1672
1671
1670
1624
1645
1584
1684
1730
1699
1620
1679
1672
1687
1576
1693
1630
1720
1618
1736
1594
1627
1663
1632
1621
1570
1678
1612
1762
1634
1637
1635
1696
1643
1595
1700
1588
1690
1702
1636
1636
1650
1596
1661
1669
1632
1559
1616
1665
1612
1663
1683
1698
1658
1665
1685
1678
1643
1589
1584
1670
1574
1716
1599
1654
1617
1680
1750
1648
1684
1706
1649
1632
1543
1637
1613
1648
1646
1629
1641
1621
1656
1623
1603
1579
1676
1616
1676
1678
1658
1731
1713
1678
1655
1664
1584
1649
1629
1629
1683
1670
1645
1725
1652
1694
1619
1650
1605
1614
1592
1583
1659
1581
1664
1595
1650
1690
1707
1590
1674
1659
1666
1674
1608
1612
1606
1690
1579
1678
1629
1697
1610
1608
1687
1645
1567
1728
1711
1637
1692
1656
1633
1618
1599
1682
1671
1683
1683
1599
1621
1629
1684
1626
1620
1598
1691
1608
1657
1626
1656
1677
1646
1530
1584
1619
1627
1613
1664
1668
1629
1683
1602
1676
1624
1681
1634
1706
1656
1658
1603
1599
1642
1737
1627
1758
1611
1630
1626
1677
1582
1679
1718
1606
1605
1655
1765
1610
1666
1531
1669
1693
1600
1631
1663
1672
1691
1648
1645
1697
1622
1705
1622
1695
1622
1652
1590
1600
1580
1625
1688
1688
1572
1605
1659
1621
1654
1594
1698
1577
1565
1582
1665
1646
1622
1563
1679
1627
1618
1609
1674
1707
1685
1611
1632
1621
1625
1687
1662
1690
1652
1585
1697
1630
1703
1643
1696
1585
1693
1685
1671
1556
1686
1631
1672
1654
1667
1568
1584
1683
1584
1588
1594
1596
1701
1652
1655
1634
1704
1632
1619
1646
1711
1627
1714
1641
1616
1647
1657
1652
1670
1591
1688
1707
1640
1641
1602
1677
1709
1637
1680
1644
1577
1612
1639
1630
1601
1616
1567
1580
1689
1709
1637
1690
1672
1658
1686
1651
1579
1697
1725
1706
1603
1626
1640
1635
1656
1608
1572
1656
1672
1621
1612
1697
1626
1635
1616
1578
1597
1646
1705
1616
1709
1640
1642
1674
1675
1695
1660
1681
1637
1644
1636
1692
1678
1668
1624
1700
1624
1640
1598
1613
1667
1637
1658
1634
1670
1643
1605
1657
1617
1695
1567
1623
1598
1537
1527
1692
1652
1719
1614
1633
1682
1641
1680
1585
1640
1666
1772
1655
1695
1682
1668
1686
1704
1591
1623
1694
1618
1643
1651
1624
1623
1613
1628
1574
1633
1574
1707
1612
1614
1566
1697
1728
1570
1677
1659
1693
1717
1723
1603
1603
1704
1624
1643
1586
1699
1661
1603
1624
1575
1605
1644
1607
1591
1596
1600
1618
1596
1733
1623
1630
1680
1622
1669
1662
1680
1586
1630
1612
1648
1637
1648
1659
1600
1662
1556
1608
1585
1568
1556
1667
1699
1623
1715
1690
1626
