1890
1964
1931
1983
1880
1873
1871
1960
1863
1805
1883
1904
1926
1864
1946
1941
2053
1847
1908
1977
1854
1930
1878
1829
1876
1819
1910
1916
1953
1949
1912
2001
1863
1864
1928
1878
1854
2002
1969
1927
1900
1913
1994
1928
1976
1889
1962
1825
1935
1956
1897
1935
1877
1876
1932
1912
1891
1878
1855
1924
1897
1901
1919
1956
1872
1861
1868
1950
1899
1826
1864
1862
1868
1886
1950
1992
1927
1944
1950
1887
1884
1844
1928
1922
1907
1889
1905
1796
1966
1885
1855
1929
1901
1990
1924
1973
1893
1952
1984
1875
1882
1977
1842
1986
1916
1948
1898
1921
1863
1668
1841
1889
1828
1898
1972
1812
1837
1872
1991
2015
1879
1936
1859
1829
1823
1956
1939
1943
1896
1892
1883
1920
1906
1908
1866
1922
1893
1962
1734
1857
1991
1900
1927
1919
1868
1848
1959
1858
1927
1914
1854
1848
1875
1861
1973
1843
1995
1884
1916
1874
1796
1895
1827
1969
1895
1892
1960
1919
1974
1875
1878
1902
1834
1796
1907
1887
1823
1933
1990
1919
1835
1857
1926
1854
1959
1880
1936
1959
1822
1920
1929
1955
1912
1979
1910
1922
1923
1935
1886
1873
1869
1958
1966
1869
1887
1901
1974
1971
1916
1929
1857
1866
1950
1905
1929
1836
1838
1834
1881
1908
1824
1874
1863
1921
1921
1932
1908
1848
1893
1926
1872
1956
1793
1839
1829
1914
1850
1903
1900
1874
1889
1967
1974
1836
1922
1837
1861
1881
1866
1880
1966
1922
1836
1792
1910
1902
1935
1862
1856
1894
1888
1936
1974
1820
1936
1928
1900
1822
1837
1914
1891
1849
1964
1918
1819
1869
1883
1956
1796
1911
1936
1911
1948
1987
1868
1953
1840
1929
1893
1976
1858
1835
1901
1971
1908
1892
1812
1903
1833
1918
1891
1909
1914
1907
1860
1863
1902
1857
1865
1932
1924
1885
1941
1833
1803
1902
1895
1921
1909
1928
1911
1917
1880
1987
1857
1869
1815
1839
1936
1840
1986
1931
1907
1820
1866
1933
1817
1883
1973
1948
1940
1879
1998
1958
1869
1891
1880
1918
1881
1810
1875
1989
1955
1927
1963
1956
1911
1900
1907
1906
1914
1898
1924
1967
1899
1966
1905
1885
1872
1932
1934
1929
1984
1850
1898
1963
1840
1928
1875
2012
1852
1827
1834
2020
1980
2007
1893
1870
1863
1909
1853
1940
1927
1894
1914
1940
2013
1874
1868
1973
1941
1920
1836
1894
1863
1901
1918
1846
1949
1964
1866
1944
1859
1989
1891
1924
1855
1869
1790
2028
1872
1917
1884
1983
1915
1899
1928
1873
1915
1867
1976
1946
1980
1977
1933
1884
1941
1852
1881
1873
1840
1971
1898
1915
1888
1952
1926
1921
1912
1836
1889
1879
1869
1895
2051
1849
1860
1942
1872
1937
1882
1834
1858
1837
1949
1957
1981
1869
1895
2014
1914
1900
2057
1800
1854
1934
1879
1871
1874
1950
1916
1944
1881
1911
1881
1842
1923
1916
1950
1885
1910
1964
1888
1881
1953
1807
1917
1885
1882
1871
1968
1914
1918
1927
1906
1832
1920
1869
1802
1899
1909
1892
1960
1909
1895
1863
1879
1932
1972
1879
1927
1884
1851
1918
1939
1888
1862
1880
1933
1928
1898
1948
1867
1914
1868
1971
1947
1914
1869
2026
1897
1821
1960
1907
1894
1881
1832
1937
1952
1798
1904
1952
1840
1857
1866
1930
1954
1956
1872
1793
1882
1956
1906
1947
1804
1914
1901
1856
1964
1881
1978
1909
1918
1886
1849
1924
1970
1985
1869
1873
1983
1896
1914
1996
1868
1937
1967
1826
1844
1857
1968
1884
1972
1985
1914
1914
1939
1945
1916
1852
1879
1849
1875
1834
1911
1943
1971
1990
1938
1883
1870
1956
1886
1809
1888
1857
1845
1861
1859
1905
1899
1877
1789
1932
1865
1843
1830
1880
1817
1920
1952
1940
1873
1975
1986
1969
1828
1888
1899
1869
1931
1914
1890
1960
1866
1895
1937
1986
1849
1963
1953
2000
1968
1860
1918
1935
1985
1962
1946
1849
1921
1903
1901
1877
1858
1858
1863
1864
1821
1910
1914
1930
1829
1909
1973
1904
1930
1873
2016
1992
1875
1885
1783
1847
1889
1893
1823
1986
1893
1902
1901
1993
1881
1796
1945
1963
1898
1783
1896
1911
1885
1897
1846
1870
1931
1940
1879
1959
1916
1882
1856
1797
1870
1873
1919
1875
1962
1822
1934
1828
1910
1971
1892
1873
1808
1878
1885
1808
1935
1891
1938
1927
1957
1935
1847
1847
1945
1832
1851
1866
1896
1948
1860
1976
1916
1837
1907
1919
1911
1876
1938
1903
1867
1946
1970
1938
1940
1898
1852
1931
1910
1894
1893
1899
1806
1817
1802
1874
1761
1912
1875
1953
1910
1936
1927
1841
1897
1928
1940
1875
1931
1888
1845
1932
1897
1972
1878
2001
1887
1934
1938
1972
1915
1862
1879
1822
1902
1912
1900
1930
1915
1962
1984
1892
1904
1927
1870
1845
1923
1896
1976
1868
1878
1847
1799
1921
1934
1893
1897
1836
1810
1882
1904
2033
1999
1865
1927
1870
1926
1924
1929
1876
1941
1945
1998
1864
1852
1890
1914
1953
1899
1893
1909
1982
1893
1995
1830
1955
1950
1886
1870
1924
1860
1904
1910
1974
1916
1876
1823
1916
1934
1896
1869
1949
1783
1891
2007
1906
1916
1822
1928
1888
1930
1905
1820
1914
1864
1822
1860
1870
1857
2001
1828
1892
1954
1874
1829
1944
1835
1946
1926
1970
1915
1922
1879
1853
1890
1850
1904
1909
1939
1877
1954
1940
1945
1906
1940
1906
1975
1880
1959
2019
1869
1846
1879
1925
1896
1866
1923
1904
1971
1877
1785
1836
1900
1926
1884
1898
1874
1948
1896
1918
1950
1910
1919
1958
1971
1923
1929
1933
1855
1958
1871
1990
1954
1989
1904
1868
1948
1844
1879
1896
1849
1944
1935
1848
1957
1999
1928
1930
1918
1948
1879
1830
1954
1936
1917
1915
2028
1905
1903
1885
1853
1885
1890
1957
1953
1886
1896
1906
1885
1851
1895
1915
1925
1959
1963
1850
1942
1935
2030
1858
1946
1956
1881
1879
1861
1902
1830
1735
